name: instruments_2
channels:
  - conda-forge
  - defaults
dependencies:
  - asttokens=2.0.5=pyhd3eb1b0_0
  - backcall=0.2.0=pyhd3eb1b0_0
  - bcrypt=4.2.0=py38h2e0ef18_0
  - bzip2=1.0.8=h0ad9c76_8
  - ca-certificates=2025.9.9=haa95532_0
  - cffi=1.17.0=py38h4cb3324_0
  - cloudpickle=3.0.0=py38haa95532_0
  - colorama=0.4.6=py38haa95532_0
  - comm=0.2.1=py38haa95532_0
  - cryptography=43.0.0=py38hb304008_0
  - debugpy=1.6.7=py38hd77b12b_0
  - decorator=5.1.1=pyhd3eb1b0_0
  - executing=0.8.3=pyhd3eb1b0_0
  - future=1.0.0=pyhd8ed1ab_0
  - icu=75.1=he0c23c2_0
  - importlib-metadata=8.5.0=pyha770c72_0
  - importlib_metadata=8.5.0=hd3eb1b0_0
  - ipykernel=6.29.5=py38haa95532_0
  - ipython=8.12.2=py38haa95532_0
  - jedi=0.19.1=py38haa95532_0
  - jupyter_client=8.6.0=py38haa95532_0
  - jupyter_core=5.7.2=py38haa95532_0
  - libblas=3.9.0=35_h5709861_mkl
  - libcblas=3.9.0=35_h2a3cdd5_mkl
  - libffi=3.4.6=h537db12_1
  - libhwloc=2.12.1=default_h64bd3f2_1002
  - libiconv=1.18=hc1393d2_2
  - liblapack=3.9.0=35_hf9ab0e9_mkl
  - liblzma=5.8.1=h2466b09_2
  - liblzma-devel=5.8.1=h2466b09_2
  - libsodium=1.0.20=h83e8143_0
  - libsqlite=3.50.4=hf5d6505_0
  - libwinpthread=12.0.0.r4.gg4f2fc60ca=h57928b3_9
  - libxml2=2.15.0=ha29bfb0_1
  - libxml2-16=2.15.0=h06f855e_1
  - libzlib=1.3.1=h2466b09_2
  - llvm-openmp=20.1.8=hfa2b4ca_2
  - matplotlib-inline=0.1.6=py38haa95532_0
  - mkl=2024.2.2=h57928b3_16
  - nest-asyncio=1.6.0=py38haa95532_0
  - numpy=1.24.4=py38h1d91fd2_0
  - openssl=3.5.3=h725018a_1
  - paramiko=3.5.0=pyhd8ed1ab_0
  - parso=0.8.3=pyhd3eb1b0_0
  - pickleshare=0.7.5=pyhd3eb1b0_1003
  - pip=24.2=py38haa95532_0
  - platformdirs=3.10.0=py38haa95532_0
  - prompt-toolkit=3.0.43=py38haa95532_0
  - psutil=5.9.0=py38h2bbff1b_0
  - pure_eval=0.2.2=pyhd3eb1b0_0
  - pycparser=2.22=pyhd8ed1ab_0
  - pygments=2.15.1=py38haa95532_1
  - pynacl=1.5.0=py38hbc1c497_3
  - pyserial=3.5=pyhd8ed1ab_0
  - python=3.8.20=hfaddaf0_2_cpython
  - python-dateutil=2.9.0post0=py38haa95532_2
  - python_abi=3.8=8_cp38
  - pywin32=305=py38h2bbff1b_0
  - pyzmq=25.1.2=py38hd77b12b_0
  - setuptools=75.3.0=pyhd8ed1ab_0
  - six=1.16.0=pyh6c4a22f_0
  - spyder-kernels=3.0.0=py38h9909e9c_0
  - sqlite=3.50.2=hda9a48d_1
  - stack_data=0.2.0=pyhd3eb1b0_0
  - tbb=2021.13.0=h18a62a1_3
  - tk=8.6.13=h2c6b04d_2
  - tornado=6.4.1=py38h827c3e9_0
  - traitlets=5.14.3=py38haa95532_0
  - typing_extensions=4.11.0=py38haa95532_0
  - ucrt=10.0.22621.0=haa95532_0
  - vc=14.3=h2df5915_10
  - vc14_runtime=14.44.35208=h4927774_10
  - vs2015_runtime=14.44.35208=ha6b5a95_10
  - wcwidth=0.2.5=pyhd3eb1b0_0
  - wheel=0.44.0=py38haa95532_0
  - xz=5.8.1=h208afaa_2
  - xz-tools=5.8.1=h2466b09_2
  - zeromq=4.3.5=h6c54ac7_1
  - zipp=3.20.2=py38haa95532_0
  - pip:
      - contourpy==1.1.1
      - cycler==0.12.1
      - fonttools==4.57.0
      - importlib-resources==6.4.5
      - instruments==0.1
      - kiwisolver==1.4.7
      - matplotlib==3.7.5
      - packaging==25.0
      - pillow==10.4.0
      - pyparsing==3.1.4
      - pyvisa==1.11.3
      - typing-extensions==4.13.2
prefix: C:\Users\ppyed2\AppData\Local\miniconda3\envs\instruments_2
